roll: 0
pitch: 0
yaw: -0.46490
position_x: -3.62096
position_y: -5.70074
position_z: 0
