position_x: 4.251074167927753
position_y: -3.3713425685295197
position_z: 0
